38
953 200
23556 33393 18302 55487 32316 2295 32206 47996 66755 67832 27148 25435 63103 50507 88554 64010 59445 69271 94979 73962 31786 99485 21445 6391 88708 19822 46865 2984 55601 66247 38132 19783 43896 74716 47330 30327 60267 47408 13634 70272 63293 45774 62298 55977 78158 70529 3456 55789 42198 10207 27913 98126 20394 93990 24500 66916 65213 76576 50895 51818 67713 73458 68494 4147 39262 76296 15714 76374 57355 3939 83780 32539 17159 83137 38151 13459 2036 17045 24072 39962 70758 26736 70486 21735 82581 74231 53644 64468 75881 73288 18103 87950 64885 38839 88198 82146 84438 94227 88761 2513 44348 8634 36627 9137 55507 39748 85242 41533 19798 54829 12507 27523 26756 37647 9174 16222 42872 93795 92569 47822 74371 28910 96114 8016 90924 97806 98933 22417 87078 60887 89077 23102 66694 20172 81608 52672 5062 16386 51972 42078 11370 16875 97036 87899 21409 79546 95522 61767 83871 33325 52783 97253 18549 24597 5579 22368 10609 20969 23114 83975 32717 63762 94356 78340 35682 19888 18487 97863 67907 42369 57927 2441 14621 71446 14529 68927 53551 36725 94514 4414 85413 43142 82362 20509 61085 78492 18717 27866 97987 66937 43189 47935 41403 31327 91577 69238 26653 90138 41136 2705
298 398
84578 50023 84440 21786 51566 87866 61757 94081 86350 63137 76912 87867 39007 64935 33726 61321 47915 82255 36339 46959 31001 79350 94278 82701 47294 41800 66574 77845 50500 19651 63448 22798 20059 55497 42227 27804 17221 33419 8463 66290 53628 88148 443 83537 33317 16141 64947 30243 63988 76356 9407 94754 85197 62671 78068 35491 63628 66533 99738 7191 33894 9061 41520 34051 93165 24971 49393 77958 16352 82989 2963 79111 98772 50273 28236 99838 51476 85507 28699 7997 65301 35349 58171 11957 66810 68520 52801 27683 91153 71544 83524 79250 85742 7938 3601 63130 67415 3040 25373 4581 52028 11466 16771 78080 87298 34244 20889 13274 63086 90320 70551 94951 58454 382 49177 73924 70707 33619 64714 39026 41306 45050 83282 28124 70680 9774 90892 86072 38457 75171 30614 96019 37733 47290 46724 10091 13884 86161 42400 65179 86268 13519 78263 23913 96151 85359 58376 46165 73773 36944 23338 1893 46704 97775 51742 65277 70557 57566 82095 59853 22867 37282 55109 14756 70542 48300 69967 53674 37556 86347 12452 5728 14931 91767 11018 16904 42577 99542 50851 80340 3949 2214 45736 52546 84713 50529 7286 68743 67953 73239 72897 469 94490 69113 34546 60415 23079 93535 81411 29802 70003 10501 1144 75207 93873 61062 18551 34336 4437 82227 81064 1194 27583 90556 48968 81914 32557 26302 80263 55121 33006 4511 82875 41842 64707 93312 60766 46881 3223 30612 53573 75765 7488 21524 62828 13268 42396 57126 21955 33394 42310 3073 36471 93648 29678 7150 91984 41860 13822 7437 47960 89109 5306 2609 81339 83412 87865 85681 9445 66929 40293 18292 73394 26921 9474 54148 67893 72987 53222 27220 31914 32198 40392 70864 98432 4127 94604 94635 5723 98727 20479 79914 88288 73343 32921 83709 58597 89235 73318 23656 29892 80603 24545 92774 12958 51346 26360 70010 8883 92747 83456 19233 16538 66899 98547 45414 90985 77319 30194 33671 10522 92347 13802 64176 14335 18918 89996 64421 84528 29141 16306 1539 49312 98276 308 34689 76882 90030 45502 84014 10624 61199 92295 35453 21978 59095 90420 95481 67668 99972 26687 70704 34343 98927 15279 83109 25549 6608 83672 20412 28504 36752 83268 19509 98790 90723 37535 45909 7408 87697 8923 61886 19962 62145 41530 24181 99532 93724 47029 24757 38455 18374 23070 42324 87267 59539 9938 65904 33484 19788 43751 90336 93637 19506 86610 98940 97264 10606 50876 56311 52524 87978 45362 77312 6895 44122 82587 28424
264 199
86761 45546 82009 8296 576 69257 24606 23999 14304 24518 74704 76994 92830 34708 2400 80708 36164 68410 63457 49080 38550 74610 3400 46139 1603 35844 52338 37857 53518 25422 10289 15163 76954 15802 46511 92888 33886 5549 5906 74143 96414 54353 49272 45802 88017 35444 74083 63754 81023 57856 56550 366 39321 52664 24076 31139 44384 58743 57054 44053 75515 37943 13745 36923 85610 80402 66619 27713 12312 32956 60146 68238 83897 90143 57972 71654 36330 91735 30249 85302 46546 58526 33543 55819 43639 85812 2236 27023 31482 52149 59623 65574 46999 1622 43008 46314 32498 78206 41643 91833 59834 31465 19851 54898 73145 67581 88608 48393 73915 59454 60957 81286 84637 17927 37429 73026 87673 70949 74305 93964 73480 4713 76560 87062 5215 57810 61418 25645 49258 74670 80153 60331 45237 50699 94621 81318 80234 1007 47841 74040 11611 66952 55337 85647 33426 20524 60451 96331 32438 46099 50429 59904 91231 93173 24576 70506 77365 21546 80131 5526 96840 30200 20551 10214 75065 24246 61149 17331 50280 15520 63539 91418 52081 33161 52918 45303 82347 19022 90599 27422 13607 58695 14457 17805 55329 72046 9023 2681 97594 36942 90455 63026 7904 76277 95724 37156 5459 96502 25695
253 194
65599 99359 30252 1720 70278 92211 59137 1134 43465 65226 94755 48292 57962 77047 36811 62578 38432 56212 45277 67649 59217 74365 74656 13179 80533 33480 14689 76259 20704 91042 8548 27475 74252 8081 51001 62927 69828 44903 24364 71393 62342 69856 29016 3581 14986 8629 34580 78393 37398 42987 97254 15372 18643 71836 57421 72142 38361 59812 3019 61374 84778 30952 88662 46379 76545 14199 39141 18631 67515 34568 87534 71273 45939 66818 27072 28378 92814 25779 73384 22901 4595 18246 15383 64389 20449 82538 44641 92931 91447 46856 48102 92514 39767 33927 50961 88140 48329 88177 15417 78070 2168 27376 22259 18975 49362 7096 66374 84172 97733 4568 93698 40352 41148 3258 38075 24783 99423 25334 76275 9627 60486 58626 90603 29995 2837 69799 75193 2747 11667 62174 62981 53377 81257 34443 53060 77992 12171 3110 48809 24583 32307 79880 19898 55437 83463 52312 12694 27270 77593 82560 59033 63343 65029 24129 41555 28513 25911 71035 83909 10405 7198 23807 58109 35670 59555 13205 74573 58333 48078 44105 84742 17094 55010 37050 96111 91760 11843 12103 46039 25555 73362 60412 74866 59921 7154 6994 17585 41558 42195 59673 8873 60774 8770 44867
594 193
77811 24856 95675 8910 1968 94120 99743 52301 13423 25255 1667 54035 18435 94007 68634 6181 58851 72829 18504 94633 21682 17932 11379 60881 63867 47755 86360 82351 65898 84312 67930 92275 28198 29339 96113 90023 1116 50310 35999 28216 45335 21533 33848 20268 23797 20404 59042 12199 81581 97000 66330 37433 61977 59966 1932 61469 95792 14783 3123 13144 37303 90045 12923 56314 32342 97028 30108 29197 30973 45910 42607 82212 92244 8702 12326 47132 5887 72382 99093 25427 77113 99765 22546 93098 24110 97668 34525 60819 17564 30370 77762 87421 20269 55712 86513 24457 92386 72893 52188 33437 69038 23921 94022 22653 79587 22294 2793 59595 67752 98941 80022 19944 16578 38400 11482 25491 9032 61864 40558 96855 5438 81293 67346 24262 80476 76102 9011 57863 35158 76390 36465 16882 34439 99914 19119 23560 94069 98246 82340 43114 82490 21981 1475 5067 28204 26764 96655 63283 717 19848 78925 11999 77741 9601 72299 3133 56629 13035 93917 66669 15688 7662 93177 80930 64700 32444 472 38636 71357 3548 28584 46919 15993 15389 66277 49995 3987 91459 6633 11273 33243 61651 70527 21826 32601 97564 81820 99165 40445 32404 19985 11083 12942
475 385
48755 74594 30100 49998 35409 87814 54764 41594 50977 72788 95753 18329 28151 41377 7746 63509 53294 19335 79260 99608 75322 46376 92924 2027 37809 53598 46820 34670 69377 6132 83739 72475 10923 62025 72945 51912 87738 62184 64920 84378 99136 63962 26143 11211 73270 25170 15198 12653 59413 93785 77157 84793 62945 82391 96909 62860 48071 89612 21721 43449 52577 89839 98279 18548 71224 86194 88066 25256 57870 88422 41677 31141 79381 81763 13148 69294 23378 50425 96438 11585 95043 41131 53425 44156 51364 24358 74155 40920 67839 50071 85304 92164 99554 75954 75956 4023 51023 16581 22964 53897 46965 56120 49700 80798 30837 75339 53243 93459 9329 85881 53738 32469 42688 61744 42373 55357 89449 32197 86305 83923 51668 54624 88535 46788 8899 68865 22278 30712 33823 50057 27973 74612 46672 26395 86294 41424 99679 2026 94055 21325 60035 46381 30146 95006 81829 6118 21234 51887 46754 36229 62815 1658 6037 92683 82121 62204 92819 76993 49597 97710 4160 28146 22020 87643 47098 54359 50464 42819 79784 56578 91439 75637 6459 39666 65155 90941 90670 55551 52968 61071 12223 61715 83568 27305 1553 54173 53148 58734 41269 59746 2905 21564 11097 13874 45422 28719 92951 61946 40238 35467 34181 6431 78679 10701 549 38691 47183 49845 72188 2412 4458 97048 40659 65021 87947 7133 65775 27296 57330 1291 43261 49891 17937 54277 76031 91731 85786 64138 57694 21070 82588 77112 27047 81565 92150 34575 78760 2322 15881 77616 40042 1930 87309 24033 36635 61573 59522 85639 66187 21739 7225 58992 88285 32208 65543 98483 48572 97026 76663 81748 22344 54680 66155 68392 81597 92870 67577 17462 65507 7519 67755 47129 7307 9452 26857 21008 27860 67010 47866 67571 70593 95174 42385 33659 97131 34899 10934 94622 71678 3041 89849 92163 48039 56466 41850 35715 47481 70960 27675 8323 18253 69757 77820 22684 48607 71782 30287 22789 89231 15629 99705 87005 78272 51323 85461 12025 11825 93918 99085 14465 73280 23962 68585 45576 10278 39063 83723 4513 33353 78583 97049 85239 48104 66633 15682 87072 38319 32697 43118 84041 65160 56515 75084 86003 49668 733 536 69268 22258 6303 77480 94569 35159 87006 52442 23867 69288 55207 91325 66188 86480 80990 55092 28307 37628 14603 30555 33343 25266 44626 68707 9240 72359 69579 77207 78964 67368 96835 98183 95880 5305 28357 83020 97861 41687
583 187
23101 68692 31618 75160 11678 17709 3157 31291 7875 75939 30264 90929 10948 16760 95436 81869 7937 56478 97675 60602 80494 23574 87306 3791 80560 36400 31577 2177 66802 98899 21461 53170 62125 79125 78721 66512 55334 99468 59888 5145 38236 80062 65062 3799 31789 68896 77797 8845 3379 93116 96752 92527 77704 76743 23548 34562 54590 37909 66295 53597 18562 1069 13066 90834 70275 44817 43177 9112 48140 93651 17420 5942 57635 65985 2388 11911 42282 79178 48316 64601 63526 56017 86995 39794 65117 10632 50930 77465 77979 89402 26529 95128 87451 74747 63935 94214 30051 79258 71519 23520 9966 11219 16212 78238 31712 38927 5037 92015 6567 5041 81155 39826 10262 98934 9169 26049 34000 45261 16537 89610 68817 2549 81216 79874 70146 80769 5108 31107 44366 91038 91936 77602 36525 96179 26624 86824 17447 8847 41665 44954 31987 50467 76388 95841 1807 20028 73367 58296 45769 92628 67177 12163 19229 28844 15794 74548 4453 20817 56782 12927 99524 16382 69367 21248 68164 20088 23927 18858 38918 51758 83934 70169 15793 26344 44888 31688 34248 58658 92801 52985 80345 76731 93161 13862 64913 33360 39672
434 380
39404 552 56980 20221 33939 23967 30964 39860 65036 45491 41327 23843 14221 81509 73217 9070 38702 93946 73545 73352 82090 57593 49576 94308 96466 70021 9530 58706 17685 60088 90380 94991 15006 95269 74085 35969 9513 75619 45942 62042 81626 77485 550 59356 81458 87540 40416 88426 95683 2325 59437 37164 21773 1851 21137 42016 29484 93810 87009 36875 19901 84843 64738 30437 4659 28695 54879 34237 1225 57190 71552 79709 13036 98732 45369 29345 24467 16681 29991 1821 88032 87651 60565 73286 38594 53370 78071 85263 39863 67810 57572 63982 72215 3661 61512 94948 29307 41287 43814 17424 46078 75313 49313 69785 41509 83076 2188 20635 97758 64553 23168 26600 60717 23676 12648 75372 86697 252 32239 78746 11988 32778 45441 28030 96345 83929 27999 79810 74675 23029 17325 45962 3687 42269 34823 81577 26593 27361 49443 76394 83009 37286 18293 99150 17998 5116 38834 70890 25944 94730 48455 76196 19804 6851 46844 72766 91403 56047 76381 3731 22509 21902 93214 54535 30224 58856 15702 91817 70293 49257 24428 39905 30373 50016 44970 80389 7819 86353 63399 33371 26699 85864 90671 80877 92866 3339 56729 92603 6441 38616 7411 96287 48548 35441 13520 19210 94287 84462 80803 12129 75628 61530 15352 99272 16503 92248 94638 97068 1379 39734 25975 26157 34658 42206 82972 96955 5115 21675 46529 83166 13722 92193 32186 41740 29993 27667 51988 71459 95907 31934 80166 62794 9818 50409 74507 87998 60952 22756 84054 68943 20134 66939 31166 36363 8095 72747 49095 9418 42063 89853 6803 94620 3321 51431 71846 99924 21321 60438 60684 62250 69138 30764 9135 74521 98257 442 83284 30103 13555 45796 7358 59941 24633 65864 51496 14299 94992 66925 44467 99769 23530 3861 54217 67624 67705 79474 88963 92541 67719 14401 16670 48301 38582 53659 32540 3168 12880 14436 79456 87087 52993 4890 20816 64269 70891 54991 68756 98998 97898 87982 84870 9051 52914 89173 24578 99356 34719 76799 88022 58071 48015 74299 54556 58523 85544 30512 16959 48010 3668 99460 81936 27881 93274 76341 86597 86318 19679 31468 5588 55633 44709 76409 66976 75757 36581 97420 83386 95247 44359 22246 70862 67996 92572 76050 56207 25151 90252 46900 8275 37533 57074 35214 54333 94249 87685 2126 78570 26473 51491 58967 60211 61494 73658 878 77031 32658 84479 52868 86135 7913
888 182
6670 26227 2198 63550 59830 85615 87404 27888 37992 73554 66469 47627 56446 35334 14945 43172 63606 3294 50867 60544 66431 77505 74820 23907 42993 95417 61405 6092 64057 12212 96263 46060 52713 45298 70499 56821 69502 93671 70555 49379 11181 16256 30750 11384 29042 58517 70896 50003 82447 84216 1741 94785 44377 10163 22111 31643 44895 88739 2301 71335 78612 9402 99596 59259 28391 9685 25186 21132 30679 87970 96193 99663 75300 69746 56394 34801 88421 71172 49135 66782 42836 36505 49165 41057 77783 73309 27140 62991 41895 70746 12555 95470 29513 94181 43903 88028 88512 49196 4792 65766 86668 93525 53009 78759 48909 40721 13667 42913 9860 95672 24636 36934 18448 38429 79415 78514 42815 63102 28024 71853 24533 62352 63007 42531 85113 49349 71728 48037 40660 77145 2796 57639 70062 91506 63823 71367 1903 82817 8871 1950 77441 84910 39259 13840 71894 38956 92593 17213 89404 76222 6304 78420 14995 30627 60317 16954 38425 1711 81648 16981 60967 11765 30026 84301 76607 55948 85911 31950 44797 48721 1095 24725 93366 31426 24098 74131 22561 95486 19895 54072 46336 34070
467 179
73120 71462 61013 24983 32338 19924 15611 61995 2310 48977 13601 80016 38144 7879 12840 74506 59957 49319 36278 37544 80393 7210 35136 50268 87523 52361 7491 86623 25034 54197 11108 62457 25772 564 88170 77125 64449 76598 80932 98147 3032 79280 56714 44684 40671 20494 13888 30225 23457 35886 89061 33652 42114 64752 24676 58661 93825 68551 32669 97331 29578 10809 6846 27887 76749 31047 93110 18949 50730 29638 70726 57570 62239 87251 70751 44321 43493 68706 64427 47067 48792 51788 93741 21148 74673 64572 59714 84792 57177 80424 4325 6072 46400 50043 40513 47293 76355 83957 7571 68523 8471 51520 52510 95183 24940 96846 24782 95717 33891 73558 40604 95830 46482 10848 57462 3313 49601 32434 94932 26404 69763 47182 72571 95910 22254 48850 6173 543 65465 55670 78540 76113 94028 76551 44268 58382 81391 67799 85288 11082 47441 32162 49617 10277 77227 92958 85943 670 40395 51257 48813 61362 1648 86304 91679 4571 2047 85848 3109 94314 94177 77740 14570 24320 72256 10105 26980 13553 5427 90303 71343 87425 48651 36559 55706 21026 56903 64892 75183
205 181
50583 27332 90949 75062 50311 99207 54977 39629 27680 27717 11199 82273 26432 37665 30000 65972 25881 87038 49689 16635 37244 81020 57024 10086 89312 59299 92844 3283 1922 85204 96374 683 2222 65853 78965 87257 44839 37018 31696 89563 84373 98824 91117 9143 73562 22592 88415 38102 6832 5152 19530 18040 71762 39535 10888 79605 45068 97713 16027 25994 29525 5858 32443 13741 66135 25603 42970 88811 25230 17244 18758 41019 76748 30235 77816 37324 55747 3137 25980 32870 26040 4922 35137 60526 44202 96822 49397 68669 67934 27336 6727 58238 55773 27150 30867 90470 79944 67394 98628 12323 29555 96566 37366 56299 16310 90527 46925 91618 51052 69748 92061 81526 44999 66432 6807 80750 71868 54531 78478 24416 87092 18240 50170 72166 48454 62656 66313 14136 44446 88279 80684 69188 84539 71328 43567 70349 25155 15450 37392 57679 48476 29084 50834 40477 41444 70747 67910 96429 61452 68823 34551 41037 36381 19176 97303 36169 47578 84108 26545 34205 81081 54833 25259 72510 37493 76175 13475 63739 75645 27906 26152 23433 24135 41374 79936 64047 39707 20081 38303 51900 50073
555 176
27073 28567 49808 292 13786 45506 1395 62157 48567 42480 1859 6316 81449 8937 55925 8272 40648 75284 17670 52563 29647 87305 2425 88143 19132 98943 58547 21369 11675 71394 29698 42802 80751 30491 18400 96721 25336 83039 80737 62932 54106 50208 20104 31114 85706 19343 38506 79890 93620 24905 69374 29984 13967 89144 68180 79610 92999 94750 75887 43458 48713 81441 78697 12950 23796 1774 94347 48895 38487 61212 99038 78855 11952 65101 11687 41329 5561 51281 12734 75792 44317 27872 77010 19899 66050 42857 97951 65310 18650 21127 3182 85953 39669 10302 22406 81036 73164 6149 60830 35176 92161 70480 58267 28684 15202 18595 95086 93153 35065 92137 25319 22010 96085 44065 11069 1424 42305 19727 5585 38541 72605 85662 84657 91229 87741 89247 16480 10431 21098 69079 18725 69211 71208 56952 82529 18432 7845 94712 74683 25987 23677 56428 96552 7229 18768 94180 40037 68900 79701 33285 54192 11723 89539 14399 67303 6540 71426 11491 93260 12669 53095 94462 65830 23410 71564 43868 86482 4162 96939 49249 50682 2009 81528 93481 27297 39871
182 369
43202 31754 84019 96092 47492 18920 88137 2533 90681 12166 81076 13418 88657 75368 17136 54016 43478 67250 72864 9478 28051 26061 56642 29601 33983 74298 14146 46467 13925 5223 3633 13664 91603 24048 20243 59545 73610 71403 26677 73642 9467 70410 73582 37416 29499 43392 8093 87545 14734 64234 40475 1594 86856 25001 60143 96514 74237 30114 37727 83930 77154 51610 15299 23957 34495 62760 81933 59169 80811 47623 80890 8438 86527 62585 64423 94889 18508 38650 82456 29674 68749 3316 65939 38471 75472 29116 46859 39172 37305 88480 53540 37318 48818 96260 76965 63481 62955 43 76802 60389 59565 13102 2220 60706 90944 26733 40222 43744 87397 67645 26001 51504 32877 44952 91979 90869 97467 31768 19602 5866 70733 92812 31596 44553 69678 66470 91719 21359 68290 75318 61449 14244 6077 22604 13550 68860 53623 298 86548 48554 36742 15440 33896 89462 22307 78856 12165 49387 74771 1646 42157 46866 69736 96625 65702 94878 57853 88332 9895 64207 46571 76037 68297 90227 53930 49076 99899 99846 45019 44783 27158 25900 85841 31534 60722 12201 34709 80094 40158 67835 59377 68702 92485 31297 93820 65737 79562 86699 77639 44824 13301 78959 18840 97614 53868 31341 23149 97242 17746 38131 24768 13704 35521 23579 6430 35306 33796 74105 79 93814 14385 22541 79064 43617 82005 19104 76376 89758 64285 39885 26958 31683 24740 23577 13067 99603 42982 83942 55017 21329 58749 54111 79742 65407 90188 22214 86855 92214 57016 23424 63367 8332 90122 43791 80464 14135 6098 24664 13668 30002 87324 55567 16248 24939 18611 30362 77017 26530 81385 77546 30782 64319 20992 44532 46245 34377 93495 58925 19884 59857 25341 72947 53717 45875 94489 37482 65857 47254 27311 97678 78168 30127 36403 50537 33404 45387 57268 58791 68223 57259 972 39516 78141 36364 50578 65731 557 80663 13362 29690 21138 14919 64188 24204 17700 47526 56951 11690 45759 35675 58935 14101 95526 30412 48832 59753 95126 19239 97812 79054 20346 39162 52834 3954 44908 70114 78682 58166 29128 62414 42789 36066 53835 19400 41946 84750 67022 27453 64154 15690 86815 6244 81202 67589 57337 82272 41142 87846 83088 32333 49181 59479 21437 44034 61445 42941 33975 41313 43802 45084 2248 6010 23954 66543 54362 76416 87020 1410 50898
602 366
15550 69364 79903 63011 33121 87189 17387 56764 30097 75429 90748 85484 14932 36501 30426 77427 97434 73950 88461 2233 84684 94172 93832 61389 69677 65637 67152 17610 17583 90624 63771 23417 43991 15858 2260 53812 12549 88856 54700 10745 4872 84258 36168 98352 51871 1482 54410 56331 42378 53923 43645 79835 94920 20347 6387 59266 93225 4179 96765 27816 11215 39709 21240 21673 94426 3788 50611 73206 6074 43331 26052 45824 41607 445 51658 30318 64194 71998 96138 77416 21197 7842 83262 90433 77513 23413 71518 59000 78680 27285 34878 62851 51856 37805 84370 95251 48377 77360 75527 13815 87183 79191 43859 60800 98340 88926 68169 24819 34288 20301 28556 65747 43277 70857 50120 18259 47178 93101 89008 14429 73109 88371 754 25010 27573 19808 27957 18890 35234 48892 13262 88753 42259 91696 58980 94369 76400 26320 22939 88273 75468 3130 27854 44376 5342 59051 85096 49738 16390 56487 79826 28297 59706 48210 39402 91207 19999 83339 13735 94066 84010 77060 94695 52666 52402 85524 457 63478 73508 20639 12293 28339 62810 61462 10126 57686 5609 92634 39292 11490 86615 8237 37015 64336 85206 26929 64494 79934 55724 61781 66772 61810 77609 83151 10423 36854 33634 33625 18701 32916 43037 96204 75555 38155 96635 15749 97897 4098 30768 82293 41369 55241 29293 81764 33788 18071 74420 9967 70710 99371 42035 53853 43972 8253 23113 42303 1504 5727 13410 49152 9248 47827 88730 28266 23062 41635 24794 14143 46863 37281 98299 80698 70244 7661 44062 38507 28966 80005 22996 10120 46620 8292 3470 39574 55067 9979 21508 38211 90712 41613 41768 45163 96419 10188 73195 71443 49303 40914 57059 80818 64612 60621 89013 10076 93630 29933 47126 87162 22112 80380 42707 29997 36316 65899 58447 25305 92414 97315 60278 94910 75594 23381 48187 80102 88014 72845 35484 14759 20414 45458 22863 28724 40221 96513 71326 11091 49161 70303 6572 80004 31260 74730 59184 76014 72911 66455 74694 43677 17938 59988 54496 51767 10068 47159 39059 70237 39857 74297 43902 8836 33738 93728 88233 70577 98889 61235 51755 75824 20356 57475 9904 24829 11011 30961 72296 93265 72675 77103 8362 23033 27677 58284 64777 16870 55213 73027 92349 77519 61489 1894 33638 80716 56499 57866 91006 45747
955 166
26101 50808 53080 99878 67080 68039 87691 65989 16770 36696 8427 37492 96197 96373 83558 6145 34933 36675 47628 7498 25844 98366 16737 62088 29788 56514 31066 82319 49561 13307 77893 43075 92141 34941 61872 64084 40134 17154 19801 19401 49418 23815 73456 17290 29534 22464 25329 6931 43733 72298 13753 29799 37023 19917 74541 15115 58850 29866 24655 37701 43746 8710 40798 14309 51582 84261 74194 34831 62868 60628 920 58254 85260 79998 93070 74251 81127 62213 43410 70214 65724 68535 91992 40121 87822 12932 33338 41176 19650 45876 74244 86386 84496 53001 56016 22605 57681 47427 6326 16957 33549 1927 3867 26757 7404 45343 10968 93819 81208 53622 48036 97325 45236 99206 16495 33805 80795 68921 50266 17865 18528 94665 11319 65199 56058 64589 10785 87390 17930 91401 8072 50151 81461 69297 29027 58160 1548 45831 69984 7657 17525 63691 76212 94130 9542 89431 20387 10874 43710 1511 38714 84407 98975 98512 35192 40763 82200 95501 20307 39713 39143 6200 97764 75162 13518 27703
277 166
92981 99787 95150 58155 12382 42345 97701 57082 51049 22947 98212 21129 58755 26668 72959 80219 9305 30135 85770 20565 41440 82521 77367 92338 18028 95140 34459 67923 80762 49626 27234 19100 91453 26242 10357 71323 85931 8655 91163 532 31404 85411 58290 60922 36807 97311 57079 81570 70907 68961 80014 89860 4916 48789 71376 51766 51138 59667 27026 47339 15093 6590 97429 87584 60283 20720 24020 42794 58727 82593 60041 68928 87007 84588 14158 69116 57902 78668 26708 47910 12829 87244 45603 62333 53803 78723 73182 74144 9006 60263 15664 84522 33839 23005 49708 83026 9052 47771 53486 71147 8840 43365 12128 45866 87652 30386 11917 91495 94999 38729 20754 21871 67927 73389 77629 34828 13226 76740 55194 56890 25447 55318 91648 86561 25124 10706 99046 42972 66211 27735 73552 76541 99286 59064 33931 54500 80778 63879 95082 19264 55466 72450 72232 52775 8280 49960 67523 66504 2174 67591 72729 23383 48466 36302 44978 35084 28205 42713 56751 2508 83832 87360 96785 2551 25203 92685
696 358
19734 91050 39164 86647 38260 130 89278 28920 12319 36602 99410 51874 29212 76112 13654 85057 8592 77170 38894 46499 80804 14512 18003 25651 56178 52238 75844 84819 22182 97033 89887 7999 19937 90620 27465 26542 34176 90247 14977 8304 34183 26301 66142 28921 17712 53489 36925 76193 77672 93801 30240 50987 27248 3868 29563 20736 58318 80323 32737 69111 41180 85668 28141 84505 9617 66348 39478 84875 47226 35889 69516 55327 48424 26904 72030 32978 84313 20017 72411 90294 95776 64448 84504 77094 9752 71412 4093 47661 72106 68565 54871 66513 94410 87591 97976 80314 1843 52003 93812 94606 8957 59029 71150 27456 10232 46697 53094 97851 25483 60091 80170 96219 6900 56261 61557 50665 6904 64343 59140 57895 88331 68663 48725 84282 11730 92302 44806 47877 70549 33801 45495 23633 26504 59856 62275 56034 82665 50247 31765 27985 79273 71034 32992 93019 32655 65604 44986 43861 13493 91269 83722 29496 39791 67829 90185 17861 49655 85663 49134 16776 95346 39348 51723 20975 53875 70789 45311 32800 23152 57063 30666 16290 7568 43938 1473 43996 41742 76879 97901 23769 68829 66259 57776 37451 44663 4227 52494 38339 72230 72291 19900 98190 83258 77502 52276 9040 17923 47985 60690 87799 90101 5781 50668 52658 87124 74119 40150 14361 48262 69964 57631 64575 20575 51973 76133 85614 84242 19476 25073 40522 9845 93902 77433 1438 42539 54096 27352 21602 81744 49754 10394 11668 59835 79151 88390 30899 74613 70829 2709 42166 27419 168 1451 23750 50468 5634 17665 95839 60900 1814 22635 36243 17337 26806 7613 33057 45970 78979 94681 41825 4373 11129 10668 65617 7188 70688 51207 18112 5309 60021 61125 84450 89531 60680 11026 43048 44254 45499 45544 21465 66448 83674 7777 30338 4968 38227 77939 49725 78380 77732 80278 95385 30735 22007 63443 27670 78234 53339 24345 22881 48958 52743 83804 88858 41534 56995 77842 7730 65054 5603 54401 91535 64924 5415 82102 3388 80690 68233 19315 55087 746 96081 18534 71356 17612 82839 6744 6985 77357 97308 27810 42251 42418 3869 14963 70816 50538 16692 35492 90438 44568 58425 59686 25027 26509 36121 11050 66803 35908 1917 62736 65045 26089 6578 8088 10197 77635 23467
269 358
77705 71187 45425 75951 94549 77393 85283 92022 31033 98776 29000 96097 94051 89559 38372 52734 2319 53314 20925 5506 88852 44080 89562 85142 73734 21557 61999 76693 13178 78032 32574 25678 755 72134 71671 92675 35016 37137 44707 66345 43642 20990 97743 9404 51647 78399 13678 27748 70032 21502 40713 32694 9408 62798 58748 45174 6180 89986 75997 79400 78271 67517 31085 21982 69141 34565 75559 75716 36542 75712 80651 16769 86188 14317 13160 29326 30260 56370 36553 84420 84751 81436 14259 32089 22030 33194 66863 88401 74605 78603 95652 88399 58666 63033 40496 27830 37241 7525 24681 61226 87525 94570 16628 70335 93506 46391 26088 16667 49216 12575 53272 67733 40200 17533 21496 31069 59909 78256 64076 83915 57564 80591 39935 28554 27102 59622 77537 59732 78761 43919 80904 67837 99290 28979 79928 57932 43434 32940 8841 19946 69630 23365 6685 2956 94777 23163 40543 54348 60447 54431 45388 50138 20024 8891 2720 94206 42472 23902 49422 2915 20885 18748 52696 23094 68846 41796 81589 43921 69080 24297 9225 30186 33566 74463 45320 58210 68562 72952 89094 9613 66219 3680 17990 87316 90169 8009 21720 39473 694 38098 97813 21916 16079 94270 41333 28119 72965 12345 37576 74676 33407 37365 40255 48806 11075 51614 20002 63081 99817 70225 64527 41851 16654 84652 32055 20230 3559 56904 38094 11072 73564 12551 84046 35655 16425 63890 78962 88795 26798 71103 75918 56591 39790 80605 58026 56561 31629 62688 7231 20423 52910 99057 95837 83826 98139 245 49857 36774 9270 2052 4263 20934 56284 88601 9184 43934 76937 24275 43853 12192 75875 29276 11361 5261 93330 68953 59587 8930 5417 53072 13183 54708 37513 84271 56245 67539 11001 61032 86859 9953 59001 49269 18177 10645 27232 89156 63110 41513 22983 96363 3371 38889 18720 65945 57819 96063 26678 19931 89962 11664 66406 47862 83943 43152 74977 12559 20000 30844 11205 43734 41506 9403 22002 59827 33985 37776 86333 33486 25562 73986 197 38887 42023 3297 98497 17104 31785 14795 81703 72198 1145 31287 55705 98068 74659 14814 15610 63372 37919 7924 5707 96483 76691 99573 46622 43430 50432 47187 22050 60026 55623 5087 10129 61018 21783 60260 24326 37338
28 335
94988 29589 89912 3247 97677 50221 18683 82336 29901 65789 8932 97963 17594 24411 92459 92264 46587 64667 43862 30515 85889 86964 72902 13201 21500 87780 20486 17584 7734 81330 956 41067 99507 69324 47959 44455 50307 75419 64697 91492 48660 29888 40733 44211 96444 92839 58542 71675 52613 2300 25581 20067 4492 82835 76986 60730 92099 69448 14453 39064 41598 72410 2974 35580 65445 86920 21568 98724 14444 15545 90531 5464 26976 3148 23923 62938 40754 92089 2639 34358 4757 38928 50693 45152 8276 67651 83270 79080 2683 23348 31720 91859 34931 2351 11271 25945 68409 33259 75813 66046 88215 17265 63485 50588 54052 14071 32127 10958 36801 12172 39462 93599 58897 97521 33401 36814 26517 45771 91867 92609 46399 34102 20894 42693 63678 26956 50957 70002 5859 11371 81040 24881 7252 9017 13093 46392 61784 50253 63708 23864 86971 54249 22970 83311 16447 9141 72577 50769 47498 65 57648 8660 33174 57724 11476 60210 31672 32568 32894 83027 61206 6242 23012 58715 52890 48655 36099 953 92226 71539 98751 53700 64071 65360 54053 77652 79126 16257 53209 1886 46505 24695 3726 52901 28742 50338 1178 36938 1827 74002 21425 54054 23930 83154 58836 60281 53690 18610 72289 23583 28760 75005 51511 40403 9735 81893 48019 94962 35848 93959 18762 27397 87787 15406 80622 8831 32395 76027 65353 33810 66911 69740 59126 75933 38599 54692 87816 80649 94717 74829 8894 43069 51149 2597 65744 71863 40946 57018 52846 10172 86998 25460 50430 43568 53534 57209 39343 68703 9742 16336 68502 71170 78667 67566 9506 84953 88414 36232 22958 34782 68807 36978 24171 62705 33175 72372 16285 62436 40668 69445 41388 67615 97619 41875 28677 94687 91391 38758 14684 69552 39431 33166 17240 87128 80226 26838 92892 97309 62354 64616 65533 12855 29819 63242 85001 11696 36252 14685 22552 66203 8546 97616 11840 2543 76444 56715 18144 96084 9810 43228 51774 52653 50004 15542 97029 28861 30860 63023 9815 42661 72572 40147 68689 99281 98131 87749 21142 7461 23276 77382 66708 1433 83396 74726 99985
220 351
64424 50090 27077 60758 99184 36737 811 26111 58792 12330 70166 83498 57216 11057 16647 35327 63215 11603 20515 53273 80378 65627 65180 2789 50732 76860 70832 18116 44729 49549 27525 72348 77287 54596 95702 85747 83211 90171 98793 89955 80621 94732 11388 99 42949 4842 43574 34466 12547 19364 30680 73062 99106 21782 31240 40447 71294 72946 3497 1431 8990 27582 30822 74755 9765 22672 16535 12115 58493 87211 80002 80495 73737 32167 58858 26871 88211 83168 94370 97878 55899 7790 86045 89536 2334 37902 21996 27411 70141 26751 85327 79024 44212 34452 24777 53528 65589 92914 54684 2405 68139 47351 25058 58824 99451 13500 31217 93187 91729 92149 40011 88888 93652 97123 24842 6700 48029 73993 21116 54005 2919 18622 63417 42196 11324 72731 64143 77481 4148 20960 24607 64872 96321 51256 31460 91834 71081 2210 37726 99164 83690 343 41910 66580 29493 21664 42283 15599 43945 79170 31944 26647 31196 6618 27976 20829 84396 48442 20936 28037 37833 21029 31769 3811 27074 28292 86332 72435 53053 4176 36533 37260 80832 18160 26434 87427 65845 30600 53507 14867 13247 76594 55912 62201 70072 68093 35211 43184 20727 81892 54528 77362 87722 52864 70893 87726 61247 15826 43412 34540 93467 15055 50637 86937 52630 61261 68465 68231 89553 55907 55524 20036 84667 45522 53711 49021 6359 39941 5479 72807 19568 49954 38926 1994 71175 41649 58118 93971 90469 38357 20946 44675 64371 44699 81018 88755 40346 36019 528 24921 25282 80395 72540 30130 8403 60866 63671 55381 24018 65545 7844 95801 57257 16791 1372 27856 62452 73967 20175 18139 24141 99289 1397 59532 33133 60939 39132 8568 93035 72459 94268 87672 45604 94729 68378 82970 13939 18383 64428 28035 22926 91970 40050 52094 56736 81596 2997 52051 25706 71856 71091 78100 93392 63431 98237 33367 93653 52959 42541 47297 51035 44012 66565 68439 78690 77153 43353 12502 27229 20649 80995 65030 86879 12873 79426 32662 49744 3507 39712 24593 67420 77473 60785 76269 8808 94151 32462 26897 49125 26055 7946 69988 5740 45903 90269 30560 73277 53343 22800 53429 72661 20930 45742 75357 31212 43232 87083 34294 66224 93442 81426
209 163
56274 29464 39957 23766 77998 55663 92751 86616 34146 2422 15873 31727 88808 8248 99004 4391 45077 40398 50963 69999 95405 88360 63183 67641 92953 53786 72777 75323 39268 6493 1982 16582 60805 43021 95909 13168 52507 60765 63515 84594 70228 34567 57945 88442 94339 79487 36162 45216 76856 45370 51869 18579 7917 28228 45721 42730 37070 40571 69464 93733 97234 73055 99961 15403 71694 56664 27975 71473 82748 9384 2033 79580 85343 76048 37080 90316 65089 19074 35017 74921 76136 39495 78706 86039 73124 85490 5394 47507 87093 6062 81771 65391 89660 16805 54204 4382 7391 75684 98694 796 60691 21863 10876 28072 90060 11360 17464 92846 69440 53865 89525 35826 79988 46219 50499 75245 55803 30290 65694 56456 31985 47576 11000 61972 55495 1202 9635 74746 14301 25061 3535 93996 36496 37415 87170 67751 45381 25793 46233 44928 84574 48155 58537 91676 46275 95574 84348 6919 79225 48328 23623 37582 15043 10022 6950 72439 88322 73233 80907 89112 14841 15462 1412
131 164
27753 12999 93908 39123 41945 40991 5177 43225 23171 48396 17524 87860 10793 36170 58707 10715 21659 92781 98519 10063 35126 47540 2714 92449 81702 30227 74486 21200 82999 25939 64710 69396 60111 56991 68343 85755 17819 85875 17269 90059 84434 84775 18402 19035 75247 65592 44131 13138 97132 98347 8784 99422 54393 21420 67292 57616 87769 42844 83754 82683 37031 42589 89808 2257 40236 61128 10914 14636 51387 90552 6341 55794 29089 48366 28041 34416 69140 11673 10225 30322 61200 19447 53399 44608 94040 74717 1282 70294 98923 12044 40585 88218 82440 80352 59282 61069 29304 41480 30036 74436 90964 23828 30495 74752 84181 92423 76082 32789 11800 97038 25006 80839 5888 59689 59214 92625 83 19121 491 82887 19177 36702 77399 88955 17199 28653 53227 5468 13788 85287 55521 76206 63753 68811 45806 92923 51762 7744 33030 38442 18093 87084 32274 36135 47423 45565 70694 10410 56680 9260 73728 64602 2159 74372 99013 35333 4773 34644 38011 79567 18781 860 24365 97785
339 161
56685 72093 85842 11226 16460 16906 10571 87887 22452 70459 36312 20228 97734 64657 12308 69900 17051 11172 93518 6498 6556 31600 80315 25005 73030 88817 17908 76712 65410 94891 31498 47538 79982 20701 95677 33258 63342 82733 66102 26611 42706 97530 33764 72058 11434 18614 97717 60030 45621 69123 40878 65090 40242 41202 90764 99589 92646 97809 29363 52926 81369 30692 80285 56070 57920 39425 42697 26770 91955 46985 35515 70378 72782 13049 44847 94015 38018 30632 39921 18706 39042 11114 33037 21397 35404 23611 19885 40566 90750 39783 28603 93030 58439 92616 65069 64333 83408 93045 32172 41404 97588 31296 88025 54872 57906 47077 54287 33023 56358 96618 10213 39813 91531 72034 20748 76214 12545 221 48534 29759 84852 5643 79172 62628 97243 96515 30529 49683 35018 98590 50829 28941 22668 59133 3332 90697 78347 1685 25778 43111 83331 10539 65763 45991 57341 761 62796 47676 91906 74778 24891 55397 998 46364 69955 74667 10117 44784 46582 35708 3864
700 347
37253 64661 6100 96361 31811 49200 22813 80385 41526 1399 27095 9447 80962 49386 74842 68479 53586 36532 52762 36798 10477 84205 35499 70945 96246 79396 10787 6279 58298 55850 98164 58133 21133 66678 89291 86901 87354 87490 87582 3796 84636 81352 87319 97746 70119 946 82467 42293 2028 54044 10821 92053 96201 32834 81082 57442 56522 93418 58303 97932 59776 88468 21810 36506 8283 40350 71530 90055 83316 78354 73229 5453 96110 34997 58046 62186 30551 86381 19424 97518 79496 68467 82055 77470 24830 86754 68355 78628 71213 73101 25093 16422 67661 97875 38478 28385 93226 12590 31136 35392 30520 93131 83485 16286 35648 41122 18169 24477 97920 92406 4790 87182 1403 35307 50063 83564 32719 58566 93939 56406 81364 24509 60472 61852 4849 69593 78423 79347 71100 99105 28254 67378 75531 24807 18023 98944 51311 86325 77991 3836 84725 23542 69196 43409 69095 18439 20899 84597 30157 460 563 80367 42825 15537 7926 79585 63164 16138 32588 82445 69862 81167 71111 57874 99058 3882 80998 5148 67090 57698 79704 61697 93850 26985 74022 2242 81195 84939 75006 45052 40285 15037 13234 41993 3525 72588 22943 89690 83833 76948 6060 67349 17054 49042 81061 34250 34888 26495 92176 57611 8781 3761 3263 96498 98296 20538 11275 79624 23396 16283 55238 95104 80150 40383 7555 24732 72005 47545 1729 7854 22144 3231 4590 20665 91883 16684 46197 2363 70417 28570 47212 98852 61729 29687 67330 26796 54661 1724 62639 25488 46243 68738 43135 97139 53906 61451 70975 51087 10407 70061 75516 96269 36050 7179 26005 78720 10050 74912 11888 46050 90272 59741 41090 91114 47457 82855 73963 61898 1581 95171 92989 12269 98161 55501 69 61202 28565 97111 59561 36185 68190 58361 50495 22774 387 9727 44500 75821 19525 12397 6923 48627 19458 7962 35257 70249 71249 82047 20625 29957 2902 33085 66263 53348 93434 36636 35238 21430 20041 34991 69871 72861 68010 93912 31131 78408 3919 61375 43997 3404 68525 45070 29770 89768 71033 94038 51 61307 28529 6312 58654 97587 67035 3201 50199 47679 80720 95615 23900 75957 54452 78942 47393 45292 59471 13594 91456
8 162
81498 83340 80723 98639 95679 36263 68750 95311 1787 32146 26499 19465 84529 9157 49133 63072 15766 29457 71153 78220 82842 42769 41030 59433 68293 45945 37171 80118 79418 52227 76554 64473 7774 73556 9358 3693 86758 65890 62365 73624 49127 39985 3046 17757 62813 94495 31115 55297 54447 10885 86507 14503 24654 80408 16081 24328 98198 60885 46785 49622 26497 72437 78801 28406 97756 39637 91434 96462 44877 89828 55920 51206 12540 76938 9192 7121 27513 31970 34812 47436 687 80252 11034 94807 20778 76266 46605 81013 40848 10019 75049 66380 51380 21350 67853 48529 61053 62654 43883 65109 2742 25518 37185 3894 15956 5972 71454 11084 90853 35713 49375 77929 82245 80011 54548 62861 70189 69739 81099 36488 94025 53275 18985 62373 91517 56408 15573 74177 93859 10279 38785 73619 40651 33618 27309 7919 59390 59062 26109 71350 40123 73348 46463 7413 60142 49088 64545 59659 6795 59961 30093 91673 91321 37568 57133 27595 38105 96971 20049 81115 91188 87892
956 146
76904 3116 24021 5674 98295 74817 62676 47195 50619 25288 84152 87849 62859 64252 28875 88647 32945 16572 77011 12490 78082 49690 80009 9626 3500 49173 94749 9361 11897 36907 64515 48933 47881 93085 63289 58693 95217 5739 82182 69697 36846 70843 97145 64077 496 3521 74395 35066 23369 25668 68163 25886 13329 70164 46783 58719 11337 17487 48577 62225 40718 9427 98777 63207 26198 46869 79010 10421 47751 1196 47346 103 62894 30288 18514 89441 18145 983 63788 18826 21337 85626 39285 53468 62519 48331 65243 43637 98170 71887 81276 4047 39830 33614 88840 92274 30910 24301 25395 61526 48196 72491 49049 96068 99989 27969 621 48274 49502 67001 6162 26022 33261 79960 12778 63181 47721 53396 66270 1167 56081 85570 34261 66551 74570 96980 64245 7580 24987 77239 12664 87906 95396 36062 12867 42215 47964 71899 37894 55220 73872 65250 16010 12528 21394 243
325 333
6419 93871 12099 55807 75075 56977 8287 54730 81419 22981 17689 96165 55834 82885 63743 64096 19491 26207 95917 5837 42961 4112 39019 2463 15005 47401 16665 59648 82943 44119 7921 60213 25733 56841 12761 2291 273 76840 51167 54439 65100 98856 16187 37956 42494 12973 38848 56509 52195 18013 24690 35439 89340 91590 58949 50149 73994 27725 71215 95590 60551 74183 24585 52274 3053 71009 51581 3567 39013 20680 16029 19379 60605 77578 19435 41200 90926 87873 92100 21529 987 51309 40807 34836 28613 11887 89362 38775 23887 58667 63197 61722 67236 46823 40405 58207 85357 73718 38720 89704 25237 15738 61224 60342 23666 18150 40617 20143 41957 63955 47883 98173 9080 63192 88050 35177 21060 79001 72817 81252 70991 41353 96757 24067 42584 6518 82566 58930 98062 20025 90759 78822 40751 3983 98270 71070 85175 95030 85173 51264 93691 8816 99381 54351 22209 3152 64357 25498 37895 68651 45718 36313 57187 68995 35128 32079 44085 21518 16443 45919 47078 82221 95493 85034 63907 13679 36658 94683 4219 88911 45606 46299 29713 43046 46051 42225 53101 60734 22351 2659 69888 18789 76787 12978 81931 95012 79707 66197 97044 65038 2876 28271 60834 22388 25257 98111 94499 93934 76410 80819 35356 26416 73725 60998 83535 81722 42906 99695 3084 2901 81058 81628 30617 16411 14851 26372 9650 14214 95038 89564 80349 55889 18628 41218 45209 19710 19981 73868 73451 98648 7608 10486 1877 79647 56045 36003 2923 52561 81159 64698 62552 46261 58084 22781 31984 55810 75998 2417 95798 63097 52112 97603 5440 60607 52095 50871 45583 74414 82757 77511 60654 75353 80662 9797 13255 21045 45355 98750 2827 97292 78756 70319 36908 51612 27178 2178 73625 26850 37512 30674 92727 37397 99442 91725 32094 87823 30326 96984 21521 93371 96539 92748 24516 93677 29477 74474 93107 1491 18463 31931 80024 63257 70669 27315 15751 29400 83509 56397 23011 82341 40192 34560 71607 79062 35473 77326 25853 98422 42104 1310 84739 86425 66553 26532 51339 39217 15522 45262 12697 64049 2392 60093 69153
3 157
95207 42871 97814 54174 16003 75469 58029 21553 14297 83803 58353 3441 57108 10918 93333 66113 57479 68437 83466 54841 48486 36759 42128 67278 27695 59104 84615 18151 82935 65786 52580 50847 99447 80309 89308 63000 59357 11266 56357 37342 89820 39257 81346 29482 46044 91331 30058 71812 39828 31286 40669 58013 49288 52245 47794 3433 16930 57446 31385 23645 62652 58135 58996 2672 8942 99576 96556 61546 62252 36317 34005 94767 82950 96173 67101 33433 72141 46892 87863 77965 49109 16606 32724 15600 53807 53186 89708 91140 99439 60005 40647 14165 15783 46022 12313 58173 33851 22092 90174 8265 26969 53018 2044 67221 46298 10564 37300 4680 44217 52652 72235 44756 39655 92469 54311 10713 97069 50474 83251 37991 72246 70219 4901 14314 29278 86070 80466 76760 64046 54605 6839 44635 42482 98197 52823 73607 84246 93798 70134 36258 29095 64064 92895 59514 25909 53372 32337 59956 20859 61947 87112 780 26450 48640 76182 63843 14897
189 332
70524 24274 5259 86319 32846 40862 22957 65232 45275 26329 96001 41379 22316 829 96932 40921 50909 26281 36889 63931 34797 32495 34482 33363 62469 62367 90009 12689 52219 10246 43681 90374 48970 52724 82249 83461 74854 33554 41343 10026 60481 53278 12998 30595 79994 90329 37914 70685 59658 78346 21188 14012 84077 10140 72727 22267 38811 54809 13057 14781 23590 92883 9891 44072 89794 77206 74018 34318 88640 27506 23896 4954 10862 18182 21444 26599 87288 89364 44395 91467 59254 75024 71832 78901 82428 2824 78370 7530 37223 54725 35206 43548 13891 64797 67335 37034 42936 81590 32670 63370 53806 64852 13831 46354 9636 22378 22700 8367 4059 40663 18207 80192 91002 94333 71048 92413 31421 37629 11093 24404 27470 86083 34002 69351 43391 83721 54546 81046 54534 97642 52719 39505 27138 75906 75190 91567 89119 95488 47240 59448 44698 10901 49338 74409 74760 71038 30115 47378 20799 3684 93993 64848 40753 76276 34337 34029 80700 94071 86407 36419 91975 60852 20418 70234 98330 53059 35210 28323 86652 64524 17756 86160 52722 38547 11842 11422 65267 19367 99630 16383 90073 37013 12800 60797 38085 64418 98023 47326 31535 88814 37147 48598 38631 99862 9433 92112 18368 399 67550 24136 41438 70825 86692 37068 54885 3373 63888 19695 60811 38733 24210 5109 61326 10613 68298 89422 98396 56853 26073 81362 37716 40597 95773 30573 65619 11092 61930 65779 48642 81182 86660 68744 79098 74996 88702 18821 41917 58544 90046 82114 14329 7224 97586 3671 50706 24707 45914 8806 42037 12238 63340 36700 35701 4509 77803 9487 43302 53020 20641 30363 28171 41473 23470 89258 65329 52827 71825 18996 6687 73819 94112 96380 85966 86831 73785 15171 92643 30360 11399 59970 88318 45680 10271 70232 83507 94334 15874 37522 78948 19027 91035 3707 56091 74025 74970 15292 46008 62263 13719 87549 83707 13253 15278 99998 77664 5352 86725 89359 59385 82603 70673 36299 37470 96365 13099 38797 10361 9083 25405 82656 98040 44129 83198 55046 9027 43092 70513 39793 34434 53676 40856 65064
99 159
48688 99864 63529 86168 80328 43262 9003 38493 53727 60788 32252 11039 68420 24138 26703 15734 65616 60332 98784 99244 90281 63256 5655 99854 85833 22816 52715 33111 94458 61654 31520 52401 92540 6464 45134 377 94325 27344 18314 78148 89981 17419 4063 40875 31415 81179 61410 42434 38766 88351 31545 86351 92667 94707 78817 10910 60361 85959 19418 37111 5566 1375 75947 44365 67462 62009 78069 11310 25752 30995 95505 9597 58934 97348 42249 1169 62057 65253 49812 23562 28846 79791 42740 24579 41505 85406 96733 1364 60418 86654 10182 22472 53041 26326 97336 10659 47271 94880 9592 89629 2561 48697 98586 99667 45500 30427 94021 30388 71204 41733 84362 60277 27952 9103 72837 89252 43077 50326 94442 305 28930 30552 12208 82717 86894 19319 818 37604 63897 67998 1689 88209 19994 27403 70544 60935 39752 75929 34850 23237 81588 98709 24162 63297 79103 44063 8483 62385 92081 87237 87495 53654 76434 15721 84273 22649 42637 2740 47236
598 331
11412 45258 29857 86171 32741 6765 38952 36754 30711 74466 14674 35981 44003 88749 95381 32390 43115 54094 73299 59564 65239 61067 23695 53487 63122 79187 96182 76482 63995 78687 99637 40004 66789 99516 64811 2616 60358 53893 32475 29943 92505 40135 70380 99690 74200 96060 91327 20669 8676 67255 23446 22610 60731 47291 87174 41720 2471 17107 51242 10484 1545 98734 42659 86377 70580 74335 22645 90255 57287 55175 70478 17185 2447 44323 65634 81265 50824 87825 89634 27821 40209 15590 82535 78249 2916 9828 45468 55693 28049 88977 68962 59417 67208 66761 33055 94161 82896 28730 36513 88420 75649 69605 12267 12610 26928 43798 47202 8134 34944 4984 65122 63286 33457 53369 94253 62325 16669 26362 59079 6481 90817 35815 3466 95749 32625 4551 94507 85585 99541 719 43459 84523 37893 68753 26737 39325 4871 95121 71251 86607 59520 83093 20789 79382 13349 60715 68974 44915 84871 65420 84513 13942 4143 8744 82802 63801 14784 38009 44634 36409 36082 31576 38273 5002 77085 54396 43133 15530 10881 83998 27918 99059 64100 29673 59547 85886 30739 59512 76756 97791 64401 21379 12444 74544 38073 52629 12595 51590 60314 71790 27665 74686 20016 1654 54527 5407 67175 87353 11823 5758 32137 96377 55697 44604 4673 90849 97817 15039 88897 14737 24960 80836 40803 9411 96146 21821 85296 56850 59090 63633 69646 12398 7302 45845 54441 3933 57858 60349 77734 99328 45580 51040 16193 69073 88272 77556 83697 91878 7253 3653 70837 26830 69125 90660 18066 43571 62886 12874 28344 60313 35205 7767 73795 49449 70805 91242 7282 83248 73445 70271 92918 58423 82269 19797 38128 46056 96829 24057 86436 90435 30237 50850 89684 80203 25322 6202 52935 1948 87785 14338 16056 44731 95268 23138 38245 72199 25057 90334 53077 71025 15554 88744 19815 38212 18913 63423 17976 31746 57387 58014 34154 53998 6515 16319 56374 11377 98759 87552 75535 43887 30828 88978 63360 61665 78153 45745 34350 1365 28549 79720 42545 33327 10973 58722 69011 62693 31620 42332 35266 72850 19440
373 151
99636 6887 9005 26054 85504 81102 58891 72914 95528 12177 48238 91631 32368 48860 25789 69355 43192 63613 65371 48348 75833 33190 42793 51705 36955 66065 94661 74329 92757 30502 18956 2977 78388 83257 59907 45273 83605 65396 73714 3704 90572 26954 49167 54844 34185 33130 66995 99187 60353 81039 6553 75655 10853 65172 79203 64588 47222 14578 88997 72052 75723 39121 70205 23836 55678 31852 34912 76290 36218 25845 56295 69920 98034 96136 64102 82247 78771 44134 99963 51330 37024 85101 27928 58066 54949 88962 80668 15759 17505 70518 70014 63573 52732 28768 52268 25938 59817 32272 78493 96815 76735 95576 85523 95297 61948 31155 70211 40271 99235 9262 93426 71176 69747 29015 79873 79330 54281 7098 81120 17701 78137 92568 51790 80961 28230 50877 93046 95506 24759 6285 13535 70731 46485 60926 99625 56123 28210 66240 98217 81668 28784 48583 14129 98501 12012 99858 12209 43698 91496 38511 14486
77 149
65553 73758 26683 72800 30094 65368 92322 15085 85719 75251 44768 98156 60095 63684 13317 63062 46747 19105 77585 65366 76223 54691 46115 51265 6219 38277 84551 47192 27410 44116 18713 68550 33978 39722 13977 2462 22688 71433 47594 41443 28978 95515 79747 55766 2490 37074 33250 38174 73009 88438 35262 23233 28811 11161 72935 96993 44735 24948 75130 93293 1400 47846 24977 69209 5530 7683 7945 22611 76119 80107 69222 50636 74093 67780 7751 77214 20354 19596 78304 57083 47797 82152 35323 33847 47136 10376 52842 70016 11496 73622 40142 86972 73241 92041 86677 19052 12050 24993 66725 76186 10260 83431 6370 81943 55959 92782 84263 38369 77524 75423 80843 78051 65524 68608 83501 67652 61769 18616 93952 34756 46242 90884 90737 57641 11541 83630 17341 18546 17160 92950 66334 92581 21002 53299 68417 61508 58660 53526 6611 27661 50896 26833 70458 22505 5636 7412 68404 34283 25227
938 149
45622 78384 35364 98363 42645 23309 77309 14383 6197 69300 89995 14593 48271 93697 68996 99874 77830 99535 33819 4891 73405 70603 413 43875 72650 46922 27515 48201 30934 53401 21631 38562 35996 39839 5913 38156 44031 41857 44808 4469 37599 91601 4749 74249 13300 46464 9575 86552 48527 4212 55726 23253 82195 35867 43781 87443 17521 68383 92307 9369 95051 77056 31012 25997 10817 89648 97118 62926 8594 48159 24592 73042 76783 74850 11234 42582 81991 43541 17529 99091 81698 34354 42571 49513 60818 46671 63139 75834 85606 20248 5840 56421 99797 10736 6456 77257 16404 84662 25638 3819 79248 71651 75526 84482 56871 2431 46479 24218 56620 67847 89940 72703 36940 85584 85581 57226 16895 51197 76239 94573 8370 93991 34164 30425 70692 83900 59672 40425 77107 86079 34393 86682 50140 20539 53167 20451 18050 871 89386 84747 92822 66566 52548 16972 36540 75873 591 21270 44109
705 333
25246 82526 15966 20442 67392 45118 74639 73388 689 58208 73672 61786 83805 86603 41612 44350 39683 76892 43076 44333 5746 97919 75415 31667 43326 18196 5749 1782 42367 17858 40214 18686 85407 24792 66577 70654 45670 74468 29625 62101 8017 18305 51444 39398 89002 13671 2685 28557 75714 24223 21669 58704 38870 40321 97355 54065 22498 61317 74604 31670 97312 52005 85107 43334 81552 67235 33701 12047 94761 63085 671 52358 15404 4390 89206 4931 69908 21166 82348 34429 98744 14168 92575 22399 17276 77792 79327 30601 98754 16623 23045 12057 29395 53679 62285 60134 61862 23982 13640 81307 70769 45634 56650 58146 92902 22598 92533 54747 74174 86367 55091 45104 83920 62872 97115 85460 37896 70291 13264 11120 85926 17248 15220 8313 61643 70844 30096 60464 56333 39300 87599 16967 39080 62499 57146 91223 38725 24526 65258 41108 22689 56465 12113 16491 49402 8289 64265 38074 40091 6628 31628 94677 74640 29942 8007 32134 86 27626 55967 27070 56364 72615 84366 66966 8250 82636 94672 73492 7228 12616 35574 4381 9738 38687 93750 44288 72598 29548 86501 74700 7370 5300 34440 37883 62089 71880 3722 48379 41117 7236 82589 32194 63230 96239 47930 30057 85905 11469 64778 31133 19736 36401 42254 76905 59737 97983 17834 1857 30640 89928 9337 94882 90205 60147 9768 46619 33352 41005 2276 99620 91 55368 20291 88038 35141 36645 16601 62282 11144 85019 68258 60858 6410 71774 91049 88423 48866 88923 38045 67756 17103 57086 6600 65200 76258 52165 93023 98467 23643 31504 5902 66638 27841 23630 27351 87724 36806 54407 68261 45138 90999 39602 2394 29469 88959 14228 68372 85423 39688 29856 6874 96969 43839 49696 55660 44087 97502 55317 83626 28530 65123 70645 33308 72567 45481 35105 82045 71737 37845 77228 51182 41175 72244 55685 48794 58995 61090 5339 7903 40215 3760 77373 6637 80687 65002 80129 81693 5559 15588 87957 45136 54331 50292 72086 68717 98740 753 83267 96849 43885 20590 45672 53793 82381 45631 7899 62374 98364 24733 55782 58902 66778 30884
210 148
44394 41228 59762 98700 28809 80799 90206 96573 72891 85632 40628 27024 67 60019 33164 54666 11441 61488 88894 92334 7589 28256 23297 14166 45043 47824 52810 3982 33126 23612 93542 87807 18254 63945 42754 63511 338 8458 55341 48880 47984 23735 38825 81610 32170 57020 24643 8063 65955 19910 6790 31177 53962 53825 44486 36917 54036 88348 74882 37866 48634 75088 35452 46674 90619 99831 22713 11909 46778 33251 36605 68154 86590 65300 24189 58788 71381 25973 44759 67884 52806 26818 2725 7995 49143 13289 9646 72506 28488 31313 29595 29088 49860 41408 96315 56824 29311 20182 453 51765 22637 10976 50560 46386 52037 89485 48460 22383 26492 73682 35282 42597 78052 86366 24352 19675 58081 59048 80133 99654 80740 10451 57615 95826 17421 50940 80243 40974 52509 28173 78609 47096 55336 94122 2650 48117 47484 60641 22750 29011 52591 61319 87893 97239 18704 89625 46293 87274
858 139
92074 88670 50524 19269 59043 59567 62710 85433 70289 18210 49579 8343 33970 25792 91848 71906 41111 46894 24376 42338 48488 68461 78742 45839 67827 36694 3778 71509 32896 4557 15618 99575 47373 33069 82705 95370 21910 2931 70157 42929 60974 47095 55710 76773 47961 17256 75728 4052 33536 49472 19043 47216 7339 30204 20463 84169 82106 57208 87852 4731 39452 84755 68642 78182 35231 89017 94835 76960 35965 81010 47991 57228 64857 66118 23031 13848 8437 83815 60430 50591 57096 38975 19163 46779 23879 5050 79032 96324 30438 98805 57477 22409 69088 24047 39263 71123 81728 4310 2135 56477 13134 38557 33709 73756 68359 67607 62549 81603 14045 79061 13649 54891 18772 45645 77128 36744 26880 58611 63989 45637 20349 73646 53336 97413 24674 39357 40284 12755 98534 24684 36215 79254 2828 20352 4663 59198 83129 22442 96170
603 307
65869 29599 11613 13249 59150 57301 2798 32866 37957 46418 89713 83159 18386 3921 71375 94985 98439 85637 91341 83818 46545 1524 52303 77684 87971 53447 777 26510 42291 70830 76667 25116 17083 30457 92344 26680 47616 77289 47689 84894 27029 41653 72167 51780 25065 26785 21039 21584 67465 46841 5158 26391 68201 26771 15428 33556 69245 76836 45426 40441 64115 23392 52673 20757 69166 38818 67353 42838 90640 40085 12571 75790 65856 62804 90798 24967 21534 20086 90886 30436 48221 76429 70036 66087 11593 26548 285 98397 80123 69990 79489 47515 12093 53108 59548 28025 49804 26179 64462 88430 75137 42185 62538 58879 32637 37396 58958 74978 11109 64910 64818 34432 31238 50195 95450 27006 55844 65580 8855 89700 37188 70181 85600 66689 36208 99922 26206 60658 64239 79173 40065 74971 58990 57036 96999 50881 76903 62128 88180 83235 81151 6106 35038 21567 30657 33193 69758 86181 14639 49501 74503 92638 12383 57684 83762 90961 28538 14086 48747 35728 79458 36182 84102 79578 35008 55314 67295 311 17435 86644 57302 48251 24780 77930 64008 49025 29535 14427 33500 53379 3946 5334 72185 80717 34089 3895 49834 34919 1659 56171 18513 8989 44354 43204 13514 29572 61778 99366 806 14782 77989 2063 78432 83351 77667 89584 19349 22906 54403 2008 87875 62690 3504 33996 83297 31116 89338 19420 65549 70315 31121 84784 2678 61304 74205 46309 97682 34794 25210 26773 69917 4665 86134 16652 25951 68451 80783 20642 29627 81784 19020 8832 56834 93654 71495 1593 21278 76569 98799 58259 99337 93622 53869 33861 74489 2046 1350 93302 39840 47875 7452 81178 15851 43112 18639 64379 46936 44459 61474 81395 1555 81976 54659 2396 36577 32196 66695 26442 2155 80915 3010 97340 93545 9881 25630 90475 7619 69786 28734 18782 85373 88818 15840 834 3657 23372 94304 44676 90271 95759 17359 12608 2064 58475 5889 81288 59696
